2880,On,1,60,102
3000,Off,1,60,102
3120,On,1,60,102
3240,Off,1,60,102
3360,On,1,60,102
3720,Off,1,60,102
3840,On,1,72,102
4560,Off,1,72,102
4800,On,1,72,102
5520,Off,1,72,102
5760,On,1,72,102
5880,Off,1,72,102
5880,On,1,60,102
6000,Off,1,60,102
6720,On,1,72,102
6960,Off,1,72,102
6960,On,1,60,102
7200,Off,1,60,102
7200,On,1,72,102
7440,Off,1,72,102
7680,On,1,72,102
7800,Off,1,72,102
7920,On,1,72,102
8160,Off,1,72,102
8160,On,1,60,102
8400,Off,1,60,102
8640,On,1,72,102
8880,Off,1,72,102
8880,On,1,60,102
9120,Off,1,60,102
10560,On,1,60,102
10680,Off,1,60,102
10800,On,1,60,102
10920,Off,1,60,102
11040,On,1,60,102
11400,Off,1,60,102
11520,On,1,72,102
12240,Off,1,72,102
12480,On,1,72,102
13200,Off,1,72,102
13440,On,1,72,102
13560,Off,1,72,102
13560,On,1,60,102
13680,Off,1,60,102
14400,On,1,72,102
14640,Off,1,72,102
14640,On,1,60,102
14880,Off,1,60,102
14880,On,1,72,102
15120,Off,1,72,102
15360,On,1,72,102
15480,Off,1,72,102
15600,On,1,72,102
15840,Off,1,72,102
15840,On,1,60,102
16080,Off,1,60,102
16320,On,1,72,102
16560,Off,1,72,102
16560,On,1,60,102
16800,Off,1,60,102
17040,On,1,84,102
17160,Off,1,84,102
17280,On,1,72,102
17760,Off,1,72,102
17760,On,1,60,102
18240,Off,1,60,102
18240,On,1,72,102
18480,Off,1,72,102
18480,On,1,60,102
18600,Off,1,60,102
18720,On,1,60,102
19200,Off,1,60,102
20760,On,1,84,102
20880,Off,1,84,102
21120,On,1,72,102
21600,Off,1,72,102
21600,On,1,60,102
22080,Off,1,60,102
22080,On,1,72,102
22320,Off,1,72,102
22320,On,1,60,102
22440,Off,1,60,102
22560,On,1,60,102
23040,Off,1,60,102
24720,On,1,60,102
24840,Off,1,60,102
24960,On,1,72,102
25200,Off,1,72,102
25320,On,1,60,102
25440,Off,1,60,102
25440,On,1,72,102
25680,Off,1,72,102
25800,On,1,60,102
25920,Off,1,60,102
25920,On,1,72,102
26400,Off,1,72,102
26400,On,1,60,102
26520,Off,1,60,102
26880,On,1,60,102
27240,Off,1,60,102
28560,On,1,60,102
28680,Off,1,60,102
28800,On,1,72,102
29040,Off,1,72,102
29160,On,1,60,102
29280,Off,1,60,102
29280,On,1,72,102
29520,Off,1,72,102
29640,On,1,60,102
29760,Off,1,60,102
29760,On,1,72,102
30240,Off,1,72,102
30240,On,1,60,102
30360,Off,1,60,102
30720,On,1,60,102
31080,Off,1,60,102
31440,On,1,59,102
31560,Off,1,59,102
31680,On,1,72,102
31800,Off,1,72,102
31920,On,1,72,102
32040,Off,1,72,102
32160,On,1,72,102
32280,Off,1,72,102
32640,On,1,84,102
32760,Off,1,84,102
33600,On,1,72,102
33720,Off,1,72,102
33840,On,1,60,102
33960,Off,1,60,102
34080,On,1,72,102
34200,Off,1,72,102
34560,On,1,84,102
34680,Off,1,84,102
35520,On,1,72,102
35760,Off,1,72,102
35760,On,1,60,102
35880,Off,1,60,102
36000,On,1,72,102
36360,Off,1,72,102
36480,On,1,84,102
36840,Off,1,84,102
37440,On,1,60,102
37680,Off,1,60,102
37680,On,1,72,102
37800,Off,1,72,102
37920,On,1,60,102
38280,Off,1,60,102
38400,On,1,60,102
38400,On,1,72,102
38640,Off,1,60,102
38640,Off,1,72,102
39120,On,1,59,102
39240,Off,1,59,102
39360,On,1,72,102
39449,Off,1,72,102
39480,On,1,72,102
39786,Off,1,72,102
39840,On,1,72,102
40200,Off,1,72,102
40320,On,1,84,102
40440,Off,1,84,102
41280,On,1,72,102
41400,Off,1,72,102
41520,On,1,60,102
41640,Off,1,60,102
41760,On,1,72,102
41880,Off,1,72,102
42240,On,1,84,102
42360,Off,1,84,102
43200,On,1,72,102
43440,Off,1,72,102
43440,On,1,60,102
43560,Off,1,60,102
43680,On,1,72,102
44040,Off,1,72,102
44160,On,1,84,102
44520,Off,1,84,102
45120,On,1,60,102
45360,Off,1,60,102
45360,On,1,72,102
45480,Off,1,72,102
45600,On,1,60,102
45960,Off,1,60,102
46080,On,1,60,102
46080,On,1,72,102
46320,Off,1,60,102
46320,Off,1,72,102
46800,On,1,59,102
46920,Off,1,59,102
47040,On,1,72,102
47160,Off,1,72,102
47280,On,1,72,102
47400,Off,1,72,102
47520,On,1,72,102
47880,Off,1,72,102
48000,On,1,84,102
48120,Off,1,84,102
48960,On,1,72,102
49080,Off,1,72,102
49200,On,1,60,102
49320,Off,1,60,102
49440,On,1,72,102
49560,Off,1,72,102
49920,On,1,84,102
50040,Off,1,84,102
50880,On,1,72,102
51120,Off,1,72,102
51120,On,1,60,102
51240,Off,1,60,102
51360,On,1,72,102
51720,Off,1,72,102
51840,On,1,84,102
52200,Off,1,84,102
52320,On,1,60,102
52440,Off,1,60,102
52800,On,1,60,102
53040,Off,1,60,102
53040,On,1,72,102
53160,Off,1,72,102
53280,On,1,60,102
53640,Off,1,60,102
53760,On,1,60,102
53760,On,1,72,102
54000,Off,1,60,102
54000,Off,1,72,102
54480,On,1,59,102
54600,Off,1,59,102
54720,On,1,72,102
54809,Off,1,72,102
54840,On,1,72,102
55146,Off,1,72,102
55200,On,1,72,102
55560,Off,1,72,102
55680,On,1,84,102
55800,Off,1,84,102
56640,On,1,84,102
56760,Off,1,84,102
57600,On,1,84,102
57720,Off,1,84,102
58560,On,1,72,102
58800,Off,1,72,102
58800,On,1,60,102
58920,Off,1,60,102
59040,On,1,72,102
59400,Off,1,72,102
59520,On,1,84,102
59880,Off,1,84,102
60480,On,1,60,102
60600,Off,1,60,102
60720,On,1,60,102
60840,Off,1,60,102
60960,On,1,60,102
61320,Off,1,60,102
61440,On,1,72,102
62160,Off,1,72,102
62400,On,1,72,102
63120,Off,1,72,102
63360,On,1,72,102
63480,Off,1,72,102
63480,On,1,60,102
63600,Off,1,60,102
64320,On,1,72,102
64560,Off,1,72,102
64560,On,1,60,102
64800,Off,1,60,102
64800,On,1,72,102
65040,Off,1,72,102
65280,On,1,72,102
65400,Off,1,72,102
65520,On,1,72,102
65760,Off,1,72,102
65760,On,1,60,102
66000,Off,1,60,102
66240,On,1,72,102
66480,Off,1,72,102
66480,On,1,60,102
66720,Off,1,60,102
68160,On,1,60,102
68280,Off,1,60,102
68400,On,1,60,102
68520,Off,1,60,102
68640,On,1,60,102
69000,Off,1,60,102
69120,On,1,72,102
69840,Off,1,72,102
70080,On,1,60,102
70080,On,1,72,102
70560,Off,1,60,102
70560,Off,1,72,102
71040,On,1,72,102
71160,Off,1,72,102
71160,On,1,60,102
71280,Off,1,60,102
72000,On,1,72,102
72240,Off,1,72,102
72240,On,1,60,102
72480,Off,1,60,102
72480,On,1,72,102
72720,Off,1,72,102
72960,On,1,72,102
73080,Off,1,72,102
73200,On,1,72,102
73440,Off,1,72,102
73440,On,1,60,102
73680,Off,1,60,102
73920,On,1,72,102
74160,Off,1,72,102
74160,On,1,60,102
74400,Off,1,60,102
74640,On,1,84,102
74760,Off,1,84,102
74880,On,1,72,102
75360,Off,1,72,102
75360,On,1,60,102
75840,Off,1,60,102
75840,On,1,72,102
76080,Off,1,72,102
76080,On,1,60,102
76200,Off,1,60,102
76320,On,1,60,102
76800,Off,1,60,102
78360,On,1,84,102
78480,Off,1,84,102
78720,On,1,72,102
79200,Off,1,72,102
79200,On,1,60,102
79680,Off,1,60,102
79680,On,1,72,102
79920,Off,1,72,102
79920,On,1,60,102
80040,Off,1,60,102
80160,On,1,60,102
80280,Off,1,60,102
80400,On,1,60,102
80640,Off,1,60,102
82320,On,1,60,102
82440,Off,1,60,102
82560,On,1,72,102
82800,Off,1,72,102
82920,On,1,60,102
83040,Off,1,60,102
83040,On,1,72,102
83280,Off,1,72,102
83400,On,1,60,102
83520,Off,1,60,102
83520,On,1,72,102
84000,Off,1,72,102
84000,On,1,60,102
84120,Off,1,60,102
84480,On,1,60,102
84480,On,1,72,102
84840,Off,1,60,102
84840,Off,1,72,102
86160,On,1,60,102
86280,Off,1,60,102
86400,On,1,72,102
86640,Off,1,72,102
86760,On,1,60,102
86880,Off,1,60,102
86880,On,1,72,102
87120,Off,1,72,102
87240,On,1,60,102
87360,Off,1,60,102
87360,On,1,72,102
87840,Off,1,72,102
87840,On,1,60,102
87960,Off,1,60,102
88320,On,1,60,102
88680,Off,1,60,102
89040,On,1,59,102
89160,Off,1,59,102
89280,On,1,72,102
89400,Off,1,72,102
89520,On,1,72,102
89640,Off,1,72,102
89760,On,1,72,102
89880,Off,1,72,102
90240,On,1,84,102
90360,Off,1,84,102
91200,On,1,60,102
91200,On,1,72,102
91320,Off,1,60,102
91320,Off,1,72,102
91440,On,1,60,102
91560,Off,1,60,102
91680,On,1,72,102
91800,Off,1,72,102
92160,On,1,84,102
92280,Off,1,84,102
93120,On,1,72,102
93360,Off,1,72,102
93360,On,1,60,102
93480,Off,1,60,102
93600,On,1,72,102
93960,Off,1,72,102
94080,On,1,84,102
94440,Off,1,84,102
95040,On,1,60,102
95280,Off,1,60,102
95280,On,1,72,102
95400,Off,1,72,102
95520,On,1,60,102
95880,Off,1,60,102
96000,On,1,60,102
96000,On,1,72,102
96240,Off,1,60,102
96240,Off,1,72,102
96720,On,1,59,102
96840,Off,1,59,102
96960,On,1,60,102
96960,On,1,72,102
97049,Off,1,60,102
97049,Off,1,72,102
97080,On,1,72,102
97386,Off,1,72,102
97440,On,1,72,102
97800,Off,1,72,102
97920,On,1,84,102
98040,Off,1,84,102
98880,On,1,72,102
99000,Off,1,72,102
99120,On,1,60,102
99240,Off,1,60,102
99360,On,1,72,102
99480,Off,1,72,102
99840,On,1,84,102
99960,Off,1,84,102
100800,On,1,72,102
100800,On,1,72,102
101040,Off,1,72,102
101040,Off,1,72,102
101040,On,1,60,102
101160,Off,1,60,102
101280,On,1,72,102
101640,Off,1,72,102
101760,On,1,84,102
102120,Off,1,84,102
102720,On,1,60,102
102960,Off,1,60,102
102960,On,1,72,102
103080,Off,1,72,102
103200,On,1,60,102
103560,Off,1,60,102
103680,On,1,60,102
103680,On,1,72,102
103920,Off,1,60,102
103920,Off,1,72,102
104400,On,1,59,102
104520,Off,1,59,102
104640,On,1,72,102
104760,Off,1,72,102
104880,On,1,72,102
105000,Off,1,72,102
105120,On,1,72,102
105480,Off,1,72,102
105600,On,1,84,102
105720,Off,1,84,102
106560,On,1,72,102
106680,Off,1,72,102
106800,On,1,60,102
106920,Off,1,60,102
107040,On,1,72,102
107160,Off,1,72,102
107520,On,1,84,102
107640,Off,1,84,102
108480,On,1,72,102
108720,Off,1,72,102
108720,On,1,60,102
108840,Off,1,60,102
108960,On,1,72,102
109320,Off,1,72,102
109440,On,1,84,102
109800,Off,1,84,102
109920,On,1,60,102
110040,Off,1,60,102
110400,On,1,60,102
110640,Off,1,60,102
110640,On,1,72,102
110760,Off,1,72,102
110880,On,1,60,102
111240,Off,1,60,102
111360,On,1,60,102
111360,On,1,72,102
111600,Off,1,60,102
111600,Off,1,72,102
112080,On,1,59,102
112200,Off,1,59,102
112320,On,1,72,102
112409,Off,1,72,102
112440,On,1,72,102
112746,Off,1,72,102
112800,On,1,72,102
113160,Off,1,72,102
113280,On,1,84,102
113400,Off,1,84,102
114240,On,1,84,102
114360,Off,1,84,102
115200,On,1,84,102
115320,Off,1,84,102
116160,On,1,72,102
116400,Off,1,72,102
116400,On,1,60,102
116520,Off,1,60,102
116640,On,1,72,102
117000,Off,1,72,102
117120,On,1,84,102
117480,Off,1,84,102
118080,On,1,60,102
118080,On,1,72,102
118440,Off,1,60,102
118440,Off,1,72,102
120000,On,1,60,102
120000,On,1,72,102
120360,Off,1,60,102
120360,Off,1,72,102
121920,On,1,60,102
121920,On,1,72,102
122280,Off,1,60,102
122280,Off,1,72,102
123840,On,1,60,102
123840,On,1,72,102
124200,Off,1,60,102
124200,Off,1,72,102
125760,On,1,60,102
125760,On,1,72,102
126120,Off,1,60,102
126120,Off,1,72,102
127680,On,1,60,102
127680,On,1,72,102
128040,Off,1,60,102
128040,Off,1,72,102
129600,On,1,60,102
129600,On,1,72,102
129960,Off,1,60,102
129960,Off,1,72,102
131280,On,1,59,102
131400,Off,1,59,102
131520,On,1,72,102
131640,Off,1,72,102
131760,On,1,72,102
131880,Off,1,72,102
132000,On,1,72,102
132120,Off,1,72,102
132480,On,1,84,102
132600,Off,1,84,102
133440,On,1,72,102
133560,Off,1,72,102
133680,On,1,60,102
133800,Off,1,60,102
133920,On,1,72,102
134040,Off,1,72,102
134400,On,1,84,102
134520,Off,1,84,102
135360,On,1,72,102
135600,Off,1,72,102
135600,On,1,60,102
135720,Off,1,60,102
135840,On,1,72,102
136200,Off,1,72,102
136320,On,1,84,102
136680,Off,1,84,102
137280,On,1,60,102
137520,Off,1,60,102
137520,On,1,72,102
137640,Off,1,72,102
137760,On,1,60,102
138120,Off,1,60,102
138240,On,1,60,102
138240,On,1,72,102
138480,Off,1,60,102
138480,Off,1,72,102
138960,On,1,59,102
139080,Off,1,59,102
139200,On,1,72,102
139289,Off,1,72,102
139320,On,1,72,102
139626,Off,1,72,102
139680,On,1,72,102
140040,Off,1,72,102
140160,On,1,84,102
140280,Off,1,84,102
141120,On,1,72,102
141240,Off,1,72,102
141360,On,1,60,102
141480,Off,1,60,102
141600,On,1,72,102
141720,Off,1,72,102
142080,On,1,84,102
142200,Off,1,84,102
143040,On,1,72,102
143280,Off,1,72,102
143280,On,1,60,102
143400,Off,1,60,102
143520,On,1,72,102
143880,Off,1,72,102
144000,On,1,84,102
144360,Off,1,84,102
144960,On,1,60,102
145200,Off,1,60,102
145200,On,1,72,102
145320,Off,1,72,102
145440,On,1,60,102
145800,Off,1,60,102
145920,On,1,60,102
145920,On,1,72,102
146160,Off,1,60,102
146160,Off,1,72,102
146640,On,1,59,102
146760,Off,1,59,102
146880,On,1,72,102
147000,Off,1,72,102
147120,On,1,72,102
147240,Off,1,72,102
147360,On,1,72,102
147720,Off,1,72,102
147840,On,1,84,102
147960,Off,1,84,102
148800,On,1,72,102
148920,Off,1,72,102
149040,On,1,60,102
149160,Off,1,60,102
149280,On,1,72,102
149400,Off,1,72,102
149760,On,1,84,102
149880,Off,1,84,102
150720,On,1,72,102
150960,Off,1,72,102
150960,On,1,60,102
151080,Off,1,60,102
151200,On,1,72,102
151560,Off,1,72,102
151680,On,1,84,102
152040,Off,1,84,102
152160,On,1,60,102
152280,Off,1,60,102
152640,On,1,60,102
152880,Off,1,60,102
152880,On,1,72,102
153000,Off,1,72,102
153120,On,1,60,102
153480,Off,1,60,102
153600,On,1,60,102
153600,On,1,72,102
153840,Off,1,60,102
153840,Off,1,72,102
154320,On,1,59,102
154440,Off,1,59,102
154560,On,1,72,102
154649,Off,1,72,102
154680,On,1,72,102
154986,Off,1,72,102
155040,On,1,72,102
155400,Off,1,72,102
155520,On,1,84,102
155640,Off,1,84,102
156480,On,1,84,102
156600,Off,1,84,102
157440,On,1,84,102
157560,Off,1,84,102
158400,On,1,72,102
158640,Off,1,72,102
158640,On,1,60,102
158760,Off,1,60,102
158880,On,1,72,102
159240,Off,1,72,102
159360,On,1,84,102
159720,Off,1,84,102
160560,On,1,60,102
160560,On,1,72,102
160680,Off,1,60,102
160680,Off,1,72,102
160800,On,1,60,102
160800,On,1,72,102
160920,Off,1,60,102
160920,Off,1,72,102
161040,On,1,60,102
161040,On,1,72,102
161160,Off,1,60,102
161160,Off,1,72,102
161280,On,1,60,102
161280,On,1,72,102
163320,Off,1,60,102
163320,Off,1,72,102
165600,On,1,60,102
165600,On,1,72,102
165720,Off,1,60,102
165720,Off,1,72,102
165840,On,1,60,102
165840,On,1,72,102
165960,Off,1,60,102
165960,Off,1,72,102
166080,On,1,60,102
166080,On,1,72,102
166200,Off,1,60,102
166200,Off,1,72,102
166320,On,1,60,102
166320,On,1,72,102
167280,Off,1,60,102
167280,Off,1,72,102
168240,On,1,60,102
168240,On,1,72,102
168360,Off,1,60,102
168360,Off,1,72,102
168480,On,1,60,102
168480,On,1,72,102
168600,Off,1,60,102
168600,Off,1,72,102
168720,On,1,60,102
168720,On,1,72,102
168840,Off,1,60,102
168840,Off,1,72,102
168960,On,1,60,102
168960,On,1,72,102
171000,Off,1,60,102
171000,Off,1,72,102
173280,On,1,60,102
173280,On,1,72,102
173400,Off,1,60,102
173400,Off,1,72,102
173520,On,1,60,102
173520,On,1,72,102
173640,Off,1,60,102
173640,Off,1,72,102
173760,On,1,60,102
173760,On,1,72,102
173880,Off,1,60,102
173880,Off,1,72,102
174000,On,1,60,102
174000,On,1,72,102
174960,Off,1,60,102
174960,Off,1,72,102
175680,On,1,60,102
175680,On,1,72,102
175800,Off,1,60,102
175800,Off,1,72,102
176640,On,1,84,102
176760,Off,1,84,102
177600,On,1,60,102
177600,On,1,72,102
177720,Off,1,60,102
177720,Off,1,72,102
178560,On,1,84,102
178680,Off,1,84,102
179520,On,1,60,102
179520,On,1,72,102
179640,Off,1,60,102
179640,Off,1,72,102
180480,On,1,84,102
180600,Off,1,84,102
181440,On,1,60,102
181440,On,1,72,102
181560,Off,1,60,102
181560,Off,1,72,102
182400,On,1,60,102
182400,On,1,72,102
190080,Off,1,60,102
190080,Off,1,72,102